0.001	212.4718
0.002	147.8769
0.003	115.0339
0.004	94.60121
0.005	80.56001
0.006	70.28859
0.007	62.43817
0.008	56.23922
0.009	51.22031
0.010	47.07259
0.011	43.58886
0.012	40.62265
0.013	38.06773
0.014	35.84532
0.015	33.89537
0.016	32.17191
0.017	30.63856
0.018	29.26622
0.019	28.04282
0.020	26.9289
0.021	25.91787
0.022	24.99701
0.023	24.15539
0.024	23.38376
0.025	22.67404
0.026	22.01958
0.027	21.41458
0.028	20.85386
0.029	20.33308
0.030	19.84838
0.031	19.39631
0.032	18.97388
0.033	18.5785
0.034	18.20775
0.035	17.85951
0.036	17.53199
0.037	17.22342
0.038	16.93223
0.039	16.65719
0.040	16.39693
0.041	16.15044
0.042	15.9166
0.043	15.69469
0.044	15.4836
0.045	15.28268
0.046	15.09129
0.047	14.90877
0.048	14.73447
0.049	14.56791
0.050	14.40857
0.051	14.25601
0.052	14.10986
0.053	13.96965
0.054	13.83509
0.055	13.70582
0.056	13.58152
0.057	13.46196
0.058	13.34686
0.059	13.23597
0.060	13.12905
0.061	13.02592
0.062	12.9264
0.063	12.83026
0.064	12.73736
0.065	12.64755
0.066	12.56063
0.067	12.47654
0.068	12.39511
0.069	12.31623
0.070	12.23977
0.071	12.16564
0.072	12.09373
0.073	12.02395
0.074	11.95622
0.075	11.89042
0.076	11.82655
0.077	11.76447
0.078	11.70409
0.079	11.64542
0.080	11.58833
0.081	11.5328
0.082	11.47876
0.083	11.42618
0.084	11.37498
0.085	11.3251
0.086	11.27653
0.087	11.22922
0.088	11.18312
0.089	11.1382
0.090	11.0944
0.091	11.05168
0.092	11.01005
0.093	10.96947
0.094	10.92987
0.095	10.89124
0.096	10.85355
0.097	10.8168
0.098	10.78089
0.099	10.74586
0.100	10.71168
0.101	10.6783
0.102	10.64573
0.103	10.61391
0.104	10.58286
0.105	10.55251
0.106	10.52286
0.107	10.49394
0.108	10.46567
0.109	10.43804
0.110	10.41105
0.111	10.38473
0.112	10.35896
0.113	10.33378
0.114	10.30921
0.115	10.28516
0.116	10.26168
0.117	10.23871
0.118	10.21629
0.119	10.19436
0.120	10.17292
0.121	10.15199
0.122	10.13149
0.123	10.11146
0.124	10.09186
0.125	10.07273
0.126	10.05398
0.127	10.03568
0.128	10.01774
0.129	10.00017
0.130	9.983006
0.131	9.966224
0.132	9.949787
0.133	9.93372
0.134	9.91799
0.135	9.902605
0.136	9.88755
0.137	9.872805
0.138	9.858417
0.139	9.844298
0.140	9.830516
0.141	9.817041
0.142	9.803809
0.143	9.790873
0.144	9.778208
0.145	9.765812
0.146	9.753655
0.147	9.741779
0.148	9.730153
0.149	9.718736
0.150	9.707582
0.151	9.696652
0.152	9.685938
0.153	9.675441
0.154	9.665176
0.155	9.65511
0.156	9.645241
0.157	9.635587
0.158	9.626109
0.159	9.616813
0.160	9.60773
0.161	9.598787
0.162	9.590055
0.163	9.581478
0.164	9.573049
0.165	9.56481
0.166	9.556708
0.167	9.548773
0.168	9.540981
0.169	9.533334
0.170	9.525838
0.171	9.518476
0.172	9.511251
0.173	9.504156
0.174	9.497185
0.175	9.49036
0.176	9.483625
0.177	9.477028
0.178	9.470537
0.179	9.468342
0.180	9.462162
0.181	9.456081
0.182	9.450139
0.183	9.444267
0.184	9.4385
0.185	9.432847
0.186	9.427265
0.187	9.42178
0.188	9.416397
0.189	9.411106
0.190	9.405879
0.191	9.400761
0.192	9.395705
0.193	9.390727
0.194	9.38585
0.195	9.38102
0.196	9.376261
0.197	9.371599
0.198	9.367001
0.199	9.362461
0.200	9.357985
0.201	9.353563
0.202	9.349223
0.203	9.344932
0.204	9.340709
0.205	9.336537
0.206	9.332433
0.207	9.328373
0.208	9.324378
0.209	9.320449
0.210	9.316541
0.211	9.312688
0.212	9.308859
0.213	9.305111
0.214	9.301385
0.215	9.297711
0.216	9.294075
0.217	9.290488
0.218	9.286946
0.219	9.283432
0.220	9.279961
0.221	9.276525
0.222	9.27312
0.223	9.269768
0.224	9.266431
0.225	9.26314
0.226	9.259893
0.227	9.25665
0.228	9.253472
0.229	9.250291
0.230	9.247162
0.231	9.244043
0.232	9.240965
0.233	9.237926
0.234	9.234899
0.235	9.231909
0.236	9.22893
0.237	9.226011
0.238	9.223094
0.239	9.220199
0.240	9.217342
0.241	9.214492
0.242	9.21169
0.243	9.208886
0.244	9.206101
0.245	9.203368
0.246	9.200626
0.247	9.197905
0.248	9.195218
0.249	9.192545
0.250	9.189872
0.251	9.187231
0.252	9.184626
0.253	9.18203
0.254	9.179452
0.255	9.176912
0.256	9.174359
0.257	9.171836
0.258	9.169337
0.259	9.166848
0.260	9.164357
0.261	9.161888
0.262	9.159297
0.263	9.156703
0.264	9.154139
0.265	9.151625
0.266	9.149097
0.267	9.146578
0.268	9.144068
0.269	9.141562
0.270	9.139107
0.271	9.136648
0.272	9.13422
0.273	9.131822
0.274	9.129435
0.275	9.127077
0.276	9.124733
0.277	9.122411
0.278	9.120105
0.279	9.11783
0.280	9.11555
0.281	9.1133
0.282	9.111032
0.283	9.108801
0.284	9.106575
0.285	9.104376
0.286	9.102184
0.287	9.099992
0.288	9.097802
0.289	9.095642
0.290	9.093483
0.291	9.09134
0.292	9.089201
0.293	9.087063
0.294	9.084942
0.295	9.082833
0.296	9.08072
0.297	9.078642
0.298	9.076551
0.299	9.074505
0.300	9.072432
0.301	9.070388
0.302	9.068338
0.303	9.066307
0.304	9.064277
0.305	9.062256
0.306	9.060232
0.307	9.058234
0.308	9.056237
0.309	9.054236
0.310	9.052248
0.311	9.050289
0.312	9.048319
0.313	9.046349
0.314	9.044397
0.315	9.042461
0.316	9.040527
0.317	9.038587
0.318	9.036659
0.319	9.03475
0.320	9.032859
0.321	9.030954
0.322	9.029072
0.323	9.027184
0.324	9.025327
0.325	9.023472
0.326	9.021607
0.327	9.019765
0.328	9.017921
0.329	9.016104
0.330	9.014274
0.331	9.012465
0.332	9.010655
0.333	9.008842
0.334	9.007062
0.335	9.005278
0.336	9.003508
0.337	9.001736
0.338	8.99998
0.339	8.998235
0.340	8.996482
0.341	8.994742
0.342	8.993023
0.343	8.991305
0.344	8.989584
0.345	8.987886
0.346	8.986148
0.347	8.984429
0.348	8.982711
0.349	8.981005
0.350	8.979295
0.351	8.977617
0.352	8.975921
0.353	8.974249
0.354	8.972584
0.355	8.970909
0.356	8.96926
0.357	8.967627
0.358	8.965987
0.359	8.964362
0.360	8.962746
0.361	8.961126
0.362	8.959538
0.363	8.957938
0.364	8.956347
0.365	8.95476
0.366	8.953204
0.367	8.951641
0.368	8.950078
0.369	8.948525
0.370	8.946994
0.371	8.945465
0.372	8.943947
0.373	8.942431
0.374	8.940933
0.375	8.939414
0.376	8.937935
0.377	8.936455
0.378	8.935001
0.379	8.933532
0.380	8.932086
0.381	8.930642
0.382	8.929209
0.383	8.927773
0.384	8.926369
0.385	8.924961
0.386	8.92356
0.387	8.922185
0.388	8.920804
0.389	8.919436
0.390	8.918063
0.391	8.916722
0.392	8.915385
0.393	8.914067
0.394	8.912748
0.395	8.911438
0.396	8.910155
0.397	8.908874
0.398	8.907614
0.399	8.906359
0.400	8.905121
0.401	8.906086
0.402	8.904876
0.403	8.903474
0.404	8.901969
0.405	8.900514
0.406	8.899124
0.407	8.897722
0.408	8.896312
0.409	8.894897
0.410	8.893501
0.411	8.892118
0.412	8.890769
0.413	8.889446
0.414	8.888178
0.415	8.886906
0.416	8.885704
0.417	8.884513
0.418	8.883335
0.419	8.882215
0.420	8.881099
0.421	8.879993
0.422	8.878938
0.423	8.877872
0.424	8.876832
0.425	8.875827
0.426	8.874833
0.427	8.873837
0.428	8.872872
0.429	8.871908
0.430	8.870965
0.431	8.870039
0.432	8.869137
0.433	8.868222
0.434	8.867354
0.435	8.866481
0.436	8.865623
0.437	8.864785
0.438	8.863935
0.439	8.863125
0.440	8.862301
0.441	8.861492
0.442	8.8607
0.443	8.859924
0.444	8.859152
0.445	8.858376
0.446	8.857626
0.447	8.856879
0.448	8.856158
0.449	8.855432
0.450	8.854733
0.451	8.854037
0.452	8.853349
0.453	8.85268
0.454	8.85203
0.455	8.851382
0.456	8.850766
0.457	8.850183
0.458	8.849598
0.459	8.849021
0.460	8.848458
0.461	8.847938
0.462	8.847392
0.463	8.846877
0.464	8.846377
0.465	8.845863
0.466	8.845378
0.467	8.844906
0.468	8.844448
0.469	8.844001
0.470	8.843561
0.471	8.843138
0.472	8.842726
0.473	8.842319
0.474	8.841928
0.475	8.841571
0.476	8.841204
0.477	8.840866
0.478	8.840511
0.479	8.840191
0.480	8.839876
0.481	8.839574
0.482	8.839282
0.483	8.838999
0.484	8.838737
0.485	8.838491
0.486	8.838219
0.487	8.837986
0.488	8.837761
0.489	8.837544
0.490	8.837336
0.491	8.837157
0.492	8.836969
0.493	8.836803
0.494	8.836652
0.495	8.83651
0.496	8.836378
0.497	8.836274
0.498	8.83617
0.499	8.836079
0.500	8.836007
0.501	8.835929
0.502	8.83588
0.503	8.835842
0.504	8.835814
0.505	8.83579
0.506	8.835767
0.507	8.835781
0.508	8.835805
0.509	8.83584
0.510	8.83589
0.511	8.835931
0.512	8.835995
0.513	8.836091
0.514	8.836168
0.515	8.836279
0.516	8.836388
0.517	8.836508
0.518	8.836655
0.519	8.836803
0.520	8.836963
0.521	8.837126
0.522	8.837322
0.523	8.837519
0.524	8.837723
0.525	8.837955
0.526	8.83819
0.527	8.838434
0.528	8.838704
0.529	8.838982
0.530	8.839264
0.531	8.839567
0.532	8.839881
0.533	8.840209
0.534	8.840528
0.535	8.840878
0.536	8.841235
0.537	8.841619
0.538	8.842005
0.539	8.842396
0.540	8.84281
0.541	8.843238
0.542	8.843663
0.543	8.844099
0.544	8.844573
0.545	8.845028
0.546	8.845522
0.547	8.846018
0.548	8.846545
0.549	8.847048
0.550	8.847605
0.551	8.848134
0.552	8.848374
0.553	8.848424
0.554	8.84854
0.555	8.848818
0.556	8.849035
0.557	8.849235
0.558	8.849413
0.559	8.849646
0.560	8.849857
0.561	8.850142
0.562	8.850457
0.563	8.850807
0.564	8.851223
0.565	8.851666
0.566	8.85217
0.567	8.852694
0.568	8.853257
0.569	8.853865
0.570	8.854505
0.571	8.85517
0.572	8.855864
0.573	8.856605
0.574	8.857357
0.575	8.858123
0.576	8.858916
0.577	8.859729
0.578	8.860574
0.579	8.861419
0.580	8.862271
0.581	8.863148
0.582	8.864056
0.583	8.864962
0.584	8.86588
0.585	8.866825
0.586	8.867778
0.587	8.868753
0.588	8.869712
0.589	8.870687
0.590	8.871686
0.591	8.872713
0.592	8.873743
0.593	8.87476
0.594	8.875818
0.595	8.876876
0.596	8.877953
0.597	8.879029
0.598	8.880135
0.599	8.881246
0.600	8.882395
