0.001	4539.385
0.002	2422.342
0.003	1692.983
0.004	1322.956
0.005	1099.609
0.006000001	950.4142
0.007000001	843.8701
0.008	764.0753
0.009000001	702.1504
0.01	652.7342
0.011	612.4115
0.012	578.896
0.013	550.6121
0.014	526.4282
0.015	505.5224
0.016	487.2729
0.017	471.2047
0.018	456.9624
0.019	444.2519
0.02	432.8419
0.021	422.5491
0.022	413.2224
0.023	404.7355
0.024	396.9821
0.025	389.88
0.026	383.3541
0.027	377.3401
0.028	371.784
0.029	366.6445
0.03	361.8748
0.031	357.446
0.032	353.324
0.033	349.4834
0.034	345.8997
0.035	342.5525
0.03599999	339.4212
0.03699999	336.4909
0.03799999	333.7423
0.03899999	331.1684
0.03999999	328.7564
0.04099999	326.4909
0.04199998	324.3618
0.04299998	322.3631
0.04399998	320.4858
0.04499998	318.72
0.04599998	317.0588
0.04699998	315.498
0.04799997	314.0267
0.04899997	312.6458
0.04999997	311.3445
0.05099997	310.1209
0.05199997	308.9707
0.05299997	307.8879
0.05399996	306.8692
0.05499996	305.9114
0.05599996	305.0112
0.05699996	304.1653
0.05799996	303.3706
0.05899996	302.6961
0.05999995	301.9981
0.06099995	301.3438
0.06199995	300.7303
0.06299995	300.1549
0.06399995	299.6161
0.06499995	299.1129
0.06599995	298.642
0.06699996	298.2023
0.06799996	297.7917
0.06899996	297.4096
0.06999996	297.0535
0.07099997	296.7228
0.07199997	296.4153
0.07299997	296.1302
0.07399997	295.8666
0.07499997	295.6231
0.07599998	295.3987
0.07699998	295.1923
0.07799998	295.0033
0.07899998	294.8303
0.07999998	294.6728
0.08099999	294.5296
0.08199999	294.3997
0.08299999	294.2819
0.08399999	294.1772
0.08499999	294.0841
0.086	294.0019
0.087	293.9307
0.088	293.869
0.089	293.8163
0.09	293.7724
0.09100001	293.7368
0.09200001	293.7089
0.09300001	293.6884
0.09400001	293.6742
0.09500001	293.6668
0.09600002	293.6656
0.09700002	293.6696
0.09800002	293.6795
0.09900002	293.6949
0.1	293.7142
0.101	293.7381
0.102	293.7662
0.103	293.7982
0.104	293.8338
0.105	293.8729
0.106	293.915
0.107	293.9602
0.108	294.0079
0.109	294.0581
0.11	294.1113
0.111	294.1662
0.112	294.2231
0.1130001	294.2818
0.1140001	294.3427
0.1150001	294.4044
0.1160001	294.4683
0.1170001	294.533
0.1180001	294.5992
0.1190001	294.698
0.1200001	294.7671
0.1210001	294.8374
0.1220001	294.9077
0.1230001	294.9794
0.1240001	295.0518
0.1250001	295.1239
0.1260001	295.1973
0.1270001	295.271
0.1280001	295.3447
0.1290001	295.4188
0.1300001	295.4934
0.1310001	295.5681
0.1320001	295.6427
0.1330001	295.7167
0.1340001	295.7921
0.1350001	295.867
0.1360001	295.9415
0.1370001	296.0159
0.1380001	296.0906
0.1390001	296.1651
0.1400001	296.2396
0.1410001	296.313
0.1420001	296.3873
0.1430001	296.4606
0.1440001	296.534
0.1450001	296.6071
0.1460001	296.6794
0.1470001	296.7522
0.1480001	296.8237
0.1490001	296.8956
0.1500001	296.9673
0.1510001	297.0332
0.1520001	297.0946
0.1530001	297.1595
0.1540001	297.2251
0.1550001	297.2921
0.1560001	297.3597
0.1570001	297.4268
0.1580001	297.4941
0.1590001	297.5614
0.1600001	297.6284
0.1610001	297.6949
0.1620001	297.7618
0.1630002	297.8281
0.1640002	297.8941
0.1650002	297.9595
0.1660002	298.0246
0.1670002	298.0897
0.1680002	298.1542
0.1690002	298.219
0.1700002	298.2826
0.1710002	298.346
0.1720002	298.4098
0.1730002	298.473
0.1740002	298.5355
0.1750002	298.5982
0.1760002	298.6608
0.1770002	298.722
0.1780002	298.784
0.1790002	298.8451
0.1800002	298.9063
0.1810002	298.9673
0.1820002	299.0272
0.1830002	299.0878
0.1840002	299.1481
0.1850002	299.2084
0.1860002	299.2679
0.1870002	299.3277
0.1880002	299.3867
0.1890002	299.4467
0.1900002	299.5058
0.1910002	299.565
0.1920002	299.624
0.1930002	299.6828
0.1940002	299.7413
0.1950002	299.8008
0.1960002	299.8594
0.1970002	299.9177
0.1980002	299.9762
0.1990002	300.0347
0.2000002	300.093
0.2010002	300.1518
0.2020002	300.2105
0.2030002	300.269
0.2040002	300.3279
0.2050002	300.3862
0.2060002	300.445
0.2070002	300.5035
0.2080002	300.5621
0.2090002	300.6214
0.2100002	300.6807
0.2110002	300.7398
0.2120003	300.7984
0.2130003	300.8583
0.2140003	300.9182
0.2150003	300.9774
0.2160003	301.0373
0.2170003	301.0976
0.2180003	301.1574
0.2190003	301.2176
0.2200003	301.2786
0.2210003	301.3393
0.2220003	301.3998
0.2230003	301.461
0.2240003	301.5233
0.2250003	301.5847
0.2260003	301.6473
0.2270003	301.7088
0.2280003	301.7716
0.2290003	301.8344
0.2300003	301.8981
0.2310003	301.9609
0.2320003	302.0256
0.2330003	302.0891
0.2340003	302.1535
0.2350003	302.2192
0.2360003	302.2839
0.2370003	302.3494
0.2380003	302.4154
0.2390003	302.4818
0.2400003	302.5486
0.2410003	302.6157
0.2420003	302.6833
0.2430003	302.7518
0.2440003	302.82
0.2450003	302.8887
0.2460003	302.9577
0.2470003	303.0276
0.2480003	303.0982
0.2490003	303.1686
0.2500003	303.2391
0.2510003	303.3115
0.2520003	303.384
0.2530003	303.4562
0.2540003	303.5292
0.2550003	303.6037
0.2560003	303.6775
0.2570002	303.7523
0.2580002	303.8275
0.2590002	303.9032
0.2600002	303.9788
0.2610002	304.0561
0.2620002	304.1335
0.2630002	304.2118
0.2640001	304.2902
0.2650001	304.3689
0.2660001	304.4486
0.2670001	304.5284
0.2680001	304.6097
0.2690001	304.6907
0.2700001	304.7727
0.2710001	304.8553
0.272	304.938
0.273	305.0219
0.274	305.1065
0.275	305.1913
0.276	305.2767
0.277	305.3628
0.278	305.45
0.279	305.5368
0.2799999	305.6251
0.2809999	305.7136
0.2819999	305.8037
0.2829999	305.8937
0.2839999	305.9834
0.2849999	306.075
0.2859999	306.1674
0.2869999	306.2601
0.2879998	306.3527
0.2889998	306.4467
0.2899998	306.5415
0.2909998	306.6366
0.2919998	306.7326
0.2929998	306.8296
0.2939998	306.9266
0.2949997	307.025
0.2959997	307.1238
0.2969997	307.2226
0.2979997	307.3232
0.2989997	307.424
0.2999997	307.5254
0.3009997	307.6274
0.3019997	307.7307
0.3029996	307.8339
0.3039996	307.9379
0.3049996	308.0432
0.3059996	308.1493
0.3069996	308.2558
0.3079996	308.3627
0.3089996	308.455
0.3099996	308.5364
0.3109995	308.6283
0.3119995	308.7261
0.3129995	308.8282
0.3139995	308.9327
0.3149995	309.0399
0.3159995	309.1484
0.3169995	309.2593
0.3179995	309.3706
0.3189994	309.4836
0.3199994	309.5977
0.3209994	309.7118
0.3219994	309.8274
0.3229994	309.9439
0.3239994	310.061
0.3249994	310.1793
0.3259993	310.2985
0.3269993	310.4182
0.3279993	310.539
0.3289993	310.6595
0.3299993	310.7817
0.3309993	310.9048
0.3319993	311.0273
0.3329993	311.1517
0.3339992	311.2768
0.3349992	311.4017
0.3359992	311.5277
0.3369992	311.6543
0.3379992	311.782
0.3389992	311.9106
0.3399992	312.0407
0.3409992	312.1704
0.3419991	312.3012
0.3429991	312.4327
0.3439991	312.5643
0.3449991	312.6966
0.3459991	312.8304
0.3469991	261.2663
0.3479991	236.1855
0.3489991	228.3739
0.349999	223.3433
0.350999	219.2588
0.351999	215.9146
0.352999	213.1833
0.353999	210.9682
0.354999	209.2036
0.355999	207.8427
0.356999	206.6216
0.3579989	205.2162
0.3589989	203.9457
0.3599989	202.8008
0.3609989	201.7724
0.3619989	200.8544
0.3629989	200.0399
0.3639989	199.3244
0.3649988	198.7038
0.3659988	198.174
0.3669988	197.6385
0.3679988	196.9388
0.3689988	196.2707
0.3699988	195.6332
0.3709988	195.0262
0.3719988	194.4478
0.3729987	193.8974
0.3739987	193.3741
0.3749987	192.8769
0.3759987	192.4051
0.3769987	191.9584
0.3779987	191.5357
0.3789987	191.137
0.3799987	190.7617
0.3809986	190.4086
0.3819986	190.0775
0.3829986	189.7686
0.3839986	189.481
0.3849986	189.2142
0.3859986	188.9682
0.3869986	188.743
0.3879986	188.5379
0.3889985	188.3529
0.3899985	188.1873
0.3909985	188.0419
0.3919985	187.9157
0.3929985	187.809
0.3939985	187.7217
0.3949985	187.6532
0.3959984	187.6041
0.3969984	187.5544
0.3979984	187.3418
0.3989984	187.1356
0.3999984	186.9355
0.4009984	186.743
0.4019984	186.5567
0.4029984	186.3767
0.4039983	186.203
0.4049983	186.036
0.4059983	185.8745
0.4069983	185.7198
0.4079983	185.571
0.4089983	185.4284
0.4099983	185.2912
0.4109983	185.16
0.4119982	185.0352
0.4129982	184.9158
0.4139982	184.8019
0.4149982	184.694
0.4159982	184.5918
0.4169982	184.4948
0.4179982	184.4037
0.4189982	184.318
0.4199981	184.2377
0.4209981	184.1626
0.4219981	184.0932
0.4229981	184.029
0.4239981	183.9702
0.4249981	183.9164
0.4259981	183.868
0.426998	183.8249
0.427998	183.7865
0.428998	183.7537
0.429998	183.7258
0.430998	183.7028
0.431998	183.685
0.432998	183.6737
0.433998	183.6657
0.4349979	183.6631
0.4359979	183.6655
0.4369979	183.6725
0.4379979	183.6847
0.4389979	183.702
0.4399979	183.7239
0.4409979	183.751
0.4419979	183.7827
0.4429978	183.8198
0.4439978	183.8612
0.4449978	183.9078
0.4459978	183.9595
0.4469978	184.0154
0.4479978	164.1764
0.4489978	164.072
0.4499978	163.9701
0.4509977	163.8696
0.4519977	163.771
0.4529977	163.6742
0.4539977	163.579
0.4549977	163.4856
0.4559977	163.3939
0.4569977	163.3038
0.4579976	163.2155
0.4589976	163.1292
0.4599976	163.0443
0.4609976	162.9612
0.4619976	162.8792
0.4629976	162.7995
0.4639976	162.7207
0.4649976	162.6442
0.4659975	162.569
0.4669975	162.4951
0.4679975	162.4227
0.4689975	162.3526
0.4699975	162.2836
0.4709975	162.2159
0.4719975	162.1499
0.4729975	162.0851
0.4739974	162.0216
0.4749974	161.9541
0.4759974	161.8577
0.4769974	161.7661
0.4779974	161.6868
0.4789974	161.6149
0.4799974	161.5487
0.4809974	161.4868
0.4819973	161.4275
0.4829973	161.3716
0.4839973	161.3176
0.4849973	161.2657
0.4859973	161.2162
0.4869973	161.1679
0.4879973	161.1212
0.4889973	161.0761
0.4899972	161.0325
0.4909972	160.9904
0.4919972	160.9493
0.4929972	160.91
0.4939972	160.8716
0.4949972	160.835
0.4959972	160.7994
0.4969971	160.7647
0.4979971	160.7314
0.4989971	160.6988
0.4999971	160.6678
0.5009971	160.6381
0.5019971	160.6098
0.5029971	160.5822
0.5039971	160.5555
0.5049971	160.5305
0.5059971	160.5063
0.506997	160.4826
0.507997	160.4603
0.508997	160.4392
0.509997	160.4187
0.510997	160.3997
0.511997	160.3812
0.512997	160.3728
0.513997	160.3569
0.5149969	160.3425
0.5159969	160.3285
0.5169969	160.3157
0.5179969	160.3038
0.5189969	160.2931
0.5199969	160.2838
0.5209969	160.2751
0.5219969	160.2674
0.5229968	160.261
0.5239968	160.2552
0.5249968	160.2507
0.5259968	160.2473
0.5269968	160.2446
0.5279968	160.2434
0.5289968	160.2434
0.5299968	160.2435
0.5309967	160.2453
0.5319967	160.2475
0.5329967	160.2506
0.5339967	160.255
0.5349967	160.2598
0.5359967	160.2662
0.5369967	160.2731
0.5379966	160.2814
0.5389966	160.2903
0.5399966	160.3003
0.5409966	160.3113
0.5419966	160.323
0.5429966	160.3356
0.5439966	160.349
0.5449966	160.3633
0.5459965	160.3791
0.5469965	160.3952
0.5479965	160.4074
0.5489965	160.3933
0.5499965	160.38
0.5509965	160.3666
0.5519965	160.3537
0.5529965	160.3416
0.5539964	160.3292
0.5549964	160.3175
0.5559964	160.3061
0.5569964	160.2946
0.5579964	160.2839
0.5589964	160.2731
0.5599964	160.2634
0.5609964	160.2532
0.5619963	160.2437
0.5629963	160.2345
0.5639963	160.2259
0.5649963	160.2176
0.5659963	160.2095
0.5669963	160.2015
0.5679963	160.1935
0.5689963	160.1863
0.5699962	160.1796
0.5709962	160.1724
0.5719962	160.166
0.5729962	160.1602
0.5739962	160.1542
0.5749962	160.1495
0.5759962	160.1443
0.5769961	160.1396
0.5779961	160.1348
0.5789961	160.1305
0.5799961	160.1264
0.5809961	160.1231
0.5819961	160.1199
0.5829961	160.1166
0.5839961	160.1137
0.584996	160.1116
0.585996	160.1098
0.586996	160.1076
0.587996	160.1061
0.588996	160.1048
0.589996	160.1038
0.590996	160.1026
0.591996	160.1024
0.5929959	160.1019
0.5939959	160.102
0.5949959	160.1029
0.5959959	160.1035
0.5969959	160.1038
0.5979959	160.1049
0.5989959	160.1065
0.6	160.1083
