   5.0000000000000000        74.789052391497975     
   10.000000000000000        46.139190831011220     
   15.000000000000000        34.542439510716967     
   20.000000000000000        28.282619829061709     
   25.000000000000000        24.383381006150660     
   30.000000000000000        21.734062084266288     
   35.000000000000000        19.825317483074574     
   40.000000000000000        18.390601594171844     
   45.000000000000000        17.276846811827184     
   50.000000000000000        16.389793211024433     
   55.000000000000000        15.668092228136722     
   60.000000000000000        15.069958586193906     
   65.000000000000000        14.565836581621149     
   70.000000000000000        14.134164190065654     
   75.000000000000000        13.758821046051215     
   80.000000000000000        13.427529810005264     
   85.000000000000000        13.130815571926588     
   90.000000000000000        12.861302055674242     
   95.000000000000000        12.613217639989687     
   100.00000000000000        12.382036673096781     
