   5.0000000000000000        4431991.9024935206     
   10.000000000000000        3866748.2646099334     
   15.000000000000000        3545476.0888244580     
   20.000000000000000        3352050.5489906110     
   25.000000000000000        3231021.5503000575     
   30.000000000000000        3154840.8542347117     
   35.000000000000000        3108351.3177646212     
   40.000000000000000        3082491.2842468293     
   45.000000000000000        3071472.7378740124     
   50.000000000000000        3071386.0104459263     
   55.000000000000000        3079451.6490389076     
   60.000000000000000        3093596.0854964131     
   65.000000000000000        3112203.8598021660     
   70.000000000000000        3133971.7510996899     
   75.000000000000000        3157822.9683708167     
   80.000000000000000        3182856.3933081133     
   85.000000000000000        3208315.6509114513     
   90.000000000000000        3233568.8928669011     
   95.000000000000000        3258094.0568647804     
   100.00000000000000        3281466.7758576823     
